[[11, 152, 292, 86, 94], [18, 66, 245, 95, 70], [7, 366, 52, 106, 83], [39, 288, 355, 71, 80], [47, 373, 305, 81, 67], [0, 36, 107, 57, 80]]
[[15, 119, 219, 99, 112], [24, 317, 580, 80, 78], [6, 232, 434, 80, 57], [47, 348, 361, 70, 75], [4, 112, 502, 112, 94]]
[[39, 567, 223, 95, 109], [18, 87, 151, 91, 106], [36, 256, 85, 82, 102], [34, 384, 125, 107, 119], [36, 574, 77, 83, 82], [38, 196, 168, 111, 112], [24, 301, 94, 110, 118], [10, 542, 285, 56, 81]]
[[42, 282, 224, 89, 64], [37, 579, 356, 86, 103], [10, 326, 396, 83, 60], [45, 333, 294, 82, 90]]
[[2, 221, 172, 72, 55], [27, 114, 394, 105, 100], [16, 60, 259, 56, 78], [17, 154, 410, 76, 92], [45, 358, 399, 99, 94], [28, 235, 503, 84, 98], [45, 152, 498, 100, 86]]
[[36, 553, 103, 124, 107], [38, 296, 154, 77, 107], [27, 52, 441, 67, 93], [49, 81, 519, 92, 89]]
[[25, 71, 265, 90, 97], [31, 181, 377, 77, 62], [31, 79, 156, 89, 109], [12, 55, 387, 90, 79], [6, 312, 247, 71, 93]]
[[44, 188, 211, 84, 100], [21, 570, 126, 103, 95], [48, 414, 290, 106, 109], [8, 160, 285, 75, 79], [22, 268, 351, 95, 72], [32, 479, 325, 121, 114], [9, 171, 283, 80, 89], [34, 179, 218, 113, 109]]
[[27, 184, 163, 93, 76], [46, 39, 233, 78, 60], [40, 139, 238, 85, 84], [21, 161, 78, 79, 62], [40, 244, 101, 75, 89], [38, 58, 270, 71, 87], [8, 183, 311, 72, 91], [12, 344, 127, 56, 78], [27, 333, 77, 82, 61]]
[[19, 245, 369, 68, 75], [31, 318, 118, 66, 76], [31, 186, 434, 86, 84], [28, 340, 546, 85, 91], [37, 221, 116, 95, 84], [6, 214, 67, 114, 93]]
[[11, 527, 159, 96, 103], [46, 538, 121, 61, 79], [50, 428, 381, 101, 83], [46, 456, 368, 65, 91], [28, 134, 155, 118, 109], [33, 128, 170, 80, 68]]
[[40, 150, 508, 79, 63], [15, 218, 71, 112, 97], [34, 98, 442, 79, 94]]
[[9, 349, 173, 78, 105], [2, 122, 197, 88, 85], [18, 412, 216, 94, 101], [45, 147, 243, 111, 105], [12, 230, 329, 91, 67], [43, 319, 517, 112, 89], [40, 368, 381, 104, 122]]
[[15, 393, 311, 81, 102], [15, 230, 193, 94, 93], [49, 343, 51, 93, 89], [48, 451, 291, 69, 76], [40, 412, 251, 95, 102], [0, 420, 240, 83, 93], [50, 523, 89, 83, 94]]
[[50, 311, 79, 103, 74], [8, 100, 259, 93, 105], [5, 62, 105, 78, 92], [30, 121, 231, 80, 102], [17, 295, 134, 96, 111], [6, 431, 201, 80, 105]]
[[11, 72, 117, 93, 69]]
[[29, 434, 323, 96, 88], [34, 190, 92, 85, 109], [18, 304, 353, 101, 79], [46, 511, 302, 110, 92], [41, 95, 240, 83, 76], [41, 62, 104, 105, 114], [47, 57, 289, 85, 75], [0, 378, 256, 79, 77], [34, 565, 106, 109, 88]]
[[37, 336, 100, 111, 83], [44, 298, 213, 85, 66], [44, 233, 150, 100, 84], [33, 264, 156, 114, 105], [48, 318, 220, 95, 104], [49, 336, 110, 95, 109]]
[[13, 417, 60, 78, 88], [9, 342, 338, 62, 85]]
[[46, 266, 163, 95, 114], [19, 174, 241, 107, 113], [11, 100, 135, 94, 89], [0, 557, 127, 110, 97]]
[[39, 488, 319, 102, 107], [21, 175, 98, 116, 105], [26, 438, 180, 105, 73]]
[[34, 317, 67, 81, 91], [15, 374, 509, 71, 94], [36, 431, 251, 107, 96], [49, 318, 538, 110, 113], [18, 565, 32, 77, 56]]
[[21, 552, 441, 87, 78], [2, 246, 76, 87, 73], [22, 469, 508, 84, 81], [49, 376, 90, 98, 101]]
[[1, 491, 85, 52, 70], [13, 86, 245, 98, 81], [25, 445, 340, 84, 92], [31, 582, 191, 79, 77], [0, 450, 67, 103, 98], [8, 592, 378, 76, 75], [39, 302, 216, 93, 110]]
[[16, 80, 291, 76, 91], [33, 508, 182, 125, 122], [48, 406, 111, 73, 82], [19, 154, 153, 73, 86], [27, 499, 222, 92, 72], [7, 355, 358, 96, 71], [32, 403, 224, 101, 82], [28, 447, 81, 92, 73], [38, 333, 319, 107, 95]]
[[51, 140, 193, 86, 105], [46, 67, 89, 92, 105], [10, 287, 136, 110, 115]]
[[17, 523, 204, 89, 64], [16, 345, 184, 72, 56], [19, 360, 545, 71, 81]]
[[48, 393, 248, 98, 103], [5, 324, 353, 105, 94], [0, 472, 181, 85, 64], [38, 232, 139, 130, 127]]
[[15, 101, 378, 66, 78], [39, 216, 310, 74, 97], [23, 290, 107, 94, 90], [20, 163, 350, 96, 66], [31, 299, 192, 86, 101], [19, 132, 271, 69, 87], [46, 259, 180, 100, 92], [0, 85, 515, 85, 76], [36, 279, 447, 55, 76]]
[[18, 215, 320, 118, 123], [17, 177, 156, 105, 113], [32, 578, 108, 65, 80], [36, 436, 349, 96, 86]]
[[14, 328, 225, 80, 78], [3, 80, 46, 84, 84], [45, 304, 71, 98, 117]]
[[38, 579, 237, 91, 69], [32, 560, 220, 85, 92], [16, 389, 199, 90, 89], [34, 522, 236, 85, 99], [4, 106, 186, 84, 64]]
[[47, 66, 572, 81, 75], [27, 115, 447, 78, 61], [10, 432, 93, 58, 84], [6, 371, 581, 71, 81], [0, 184, 227, 77, 93], [25, 346, 381, 82, 63]]
[[11, 416, 143, 89, 83]]
[[8, 326, 555, 64, 86], [3, 303, 585, 81, 82], [1, 291, 312, 91, 93], [14, 91, 182, 94, 89], [31, 118, 215, 100, 110], [20, 82, 528, 120, 104], [10, 301, 135, 108, 95], [0, 50, 479, 61, 74], [35, 229, 503, 84, 97]]
[[40, 585, 105, 104, 95], [0, 450, 91, 83, 104], [28, 353, 103, 84, 106]]
[[37, 312, 284, 99, 115], [19, 308, 183, 93, 98], [48, 319, 194, 81, 94], [0, 393, 167, 91, 96], [26, 313, 313, 90, 63], [28, 76, 97, 112, 93], [4, 165, 270, 105, 96], [45, 534, 331, 114, 108]]
[[6, 319, 316, 86, 110]]
[[5, 412, 87, 83, 80], [16, 204, 277, 96, 97], [51, 161, 188, 112, 121], [43, 544, 294, 78, 60], [32, 462, 263, 99, 109], [35, 556, 181, 79, 77], [23, 504, 247, 81, 60], [7, 495, 131, 115, 119]]
[[46, 421, 172, 102, 100], [23, 575, 66, 67, 79], [27, 278, 404, 102, 98], [42, 174, 225, 100, 125], [16, 563, 213, 101, 91], [39, 386, 359, 88, 108]]
[[6, 596, 361, 56, 80], [34, 424, 208, 70, 94], [1, 441, 357, 104, 115], [18, 288, 203, 81, 76], [10, 169, 197, 68, 86], [6, 47, 247, 70, 81]]
[[48, 90, 134, 110, 100], [20, 249, 119, 78, 56]]
[[14, 163, 50, 84, 94], [48, 500, 97, 63, 83], [4, 282, 51, 104, 92]]
[[43, 316, 230, 112, 108]]
[[40, 337, 180, 90, 75], [50, 92, 130, 116, 93], [26, 174, 152, 105, 88]]
[[41, 220, 181, 70, 97], [30, 221, 161, 101, 118], [6, 139, 235, 86, 81], [33, 256, 225, 97, 101], [13, 62, 44, 76, 86], [30, 196, 43, 71, 49], [47, 311, 77, 83, 83]]
[[27, 479, 159, 88, 80]]
[[29, 176, 125, 107, 81], [9, 116, 233, 72, 86], [37, 297, 268, 117, 96], [49, 473, 255, 96, 115]]
[[22, 120, 209, 88, 80], [25, 581, 141, 88, 83], [16, 345, 191, 78, 87], [24, 434, 102, 64, 79], [44, 66, 254, 97, 84], [34, 135, 344, 103, 107], [10, 309, 302, 108, 104], [38, 434, 125, 116, 91], [46, 590, 282, 98, 114]]
[[7, 92, 213, 70, 49], [7, 506, 47, 81, 81], [48, 410, 46, 95, 79], [51, 265, 194, 84, 63], [30, 110, 100, 59, 75], [17, 264, 258, 79, 59], [13, 336, 155, 80, 79], [44, 156, 190, 85, 94], [25, 452, 89, 76, 63]]
[[1, 444, 173, 72, 88], [25, 518, 197, 105, 110], [19, 215, 177, 75, 71], [39, 234, 341, 90, 113], [39, 349, 266, 78, 60], [19, 490, 80, 92, 94], [47, 469, 45, 69, 77]]
[[18, 407, 255, 59, 74], [29, 401, 287, 90, 105], [14, 438, 214, 82, 77], [44, 586, 200, 89, 99], [33, 418, 302, 100, 93]]
[[16, 491, 365, 106, 80], [2, 446, 175, 78, 73], [41, 485, 205, 58, 77], [16, 433, 107, 89, 92], [51, 281, 134, 76, 86], [39, 527, 454, 102, 98]]
[[12, 286, 491, 118, 118]]
[[22, 433, 406, 70, 96], [9, 303, 470, 90, 73], [0, 292, 478, 106, 100], [21, 172, 351, 106, 115], [4, 131, 366, 79, 70], [22, 309, 399, 76, 70]]
[[25, 355, 246, 101, 106], [28, 81, 353, 74, 75], [31, 335, 506, 81, 83], [43, 373, 341, 89, 106], [6, 64, 554, 54, 77], [46, 92, 571, 112, 95], [11, 180, 210, 81, 101]]
[[1, 40, 85, 78, 57], [11, 115, 254, 108, 80], [4, 440, 257, 74, 75], [50, 332, 115, 77, 105], [44, 258, 201, 84, 105], [17, 38, 212, 60, 76], [6, 226, 276, 50, 71], [34, 288, 65, 88, 95]]
[[13, 411, 234, 101, 98], [11, 85, 218, 76, 55], [10, 212, 289, 89, 69], [18, 410, 109, 96, 94], [23, 554, 189, 98, 87], [12, 546, 281, 92, 103], [7, 59, 123, 82, 102], [38, 206, 218, 83, 111]]
[[39, 324, 212, 57, 79], [28, 240, 232, 94, 73], [36, 246, 301, 123, 117], [25, 112, 58, 96, 114], [33, 52, 93, 84, 79]]
[[18, 141, 78, 85, 94], [25, 65, 88, 74, 100], [34, 228, 127, 86, 62], [28, 386, 44, 78, 83]]
[[43, 148, 54, 96, 109], [18, 384, 334, 111, 99]]
[[6, 74, 410, 84, 76], [46, 100, 427, 81, 82], [48, 229, 199, 116, 119], [13, 66, 385, 76, 94], [3, 188, 330, 103, 92], [42, 229, 69, 92, 109]]
[[34, 384, 365, 79, 98], [51, 263, 322, 83, 99], [48, 274, 178, 117, 118]]
[[28, 179, 63, 110, 98], [46, 59, 170, 102, 110], [30, 165, 84, 66, 45], [3, 57, 162, 61, 77], [11, 45, 138, 75, 86]]
[[5, 315, 110, 101, 97], [43, 414, 387, 104, 73], [51, 525, 169, 116, 100], [35, 529, 84, 100, 79], [35, 320, 357, 94, 94]]
[[51, 200, 218, 75, 100], [10, 389, 206, 103, 101], [31, 482, 185, 112, 113]]
[[51, 74, 198, 82, 62], [24, 335, 264, 97, 87], [15, 422, 68, 86, 102], [31, 555, 183, 111, 114], [27, 366, 367, 108, 83]]
[[39, 383, 296, 92, 77], [9, 305, 150, 102, 97], [40, 290, 378, 116, 125]]
[[16, 72, 235, 93, 112], [8, 184, 265, 86, 85], [36, 364, 110, 65, 88], [35, 598, 308, 72, 77], [24, 244, 317, 76, 101]]
[[15, 43, 566, 86, 68], [26, 365, 439, 75, 94], [1, 546, 434, 75, 80], [4, 517, 254, 78, 71], [36, 281, 385, 75, 56], [24, 471, 150, 76, 64], [38, 262, 363, 81, 113], [9, 236, 352, 76, 79], [20, 254, 254, 92, 68]]
[[27, 123, 192, 96, 68]]
[[22, 228, 271, 110, 108], [15, 98, 332, 103, 107], [1, 385, 129, 108, 97]]
[[11, 362, 465, 118, 106], [44, 175, 383, 100, 96], [24, 64, 432, 86, 61], [35, 344, 519, 113, 102]]
[[14, 314, 215, 84, 81]]
[[51, 181, 312, 73, 97], [3, 93, 376, 114, 113], [49, 443, 367, 67, 77], [12, 205, 122, 76, 97], [32, 505, 99, 113, 110], [21, 243, 295, 114, 93], [41, 167, 78, 119, 118], [6, 264, 337, 72, 84]]
[[41, 385, 38, 90, 66], [3, 133, 224, 90, 92], [2, 362, 292, 65, 81], [41, 221, 70, 98, 91], [3, 254, 205, 65, 92], [50, 213, 201, 74, 58], [46, 97, 104, 98, 74]]
[[10, 153, 196, 78, 100], [4, 497, 332, 98, 105], [19, 494, 189, 75, 105], [16, 564, 125, 88, 70], [37, 198, 108, 120, 112], [51, 300, 103, 82, 79], [42, 326, 315, 92, 82], [42, 395, 239, 122, 109]]
[[50, 383, 344, 109, 110], [20, 195, 380, 54, 76], [1, 515, 201, 98, 80], [5, 77, 179, 107, 113], [11, 314, 167, 85, 110], [51, 505, 340, 88, 93], [8, 162, 398, 78, 77]]
[[48, 356, 124, 83, 109], [39, 585, 86, 96, 69]]
[[48, 558, 367, 69, 89], [7, 418, 360, 103, 94], [28, 105, 292, 93, 93], [50, 126, 46, 80, 59]]
[[10, 399, 247, 81, 69], [16, 299, 193, 103, 101], [47, 514, 255, 77, 69], [4, 525, 218, 85, 77], [41, 378, 100, 123, 115], [44, 295, 338, 123, 116], [2, 430, 227, 92, 97]]
[[34, 202, 275, 126, 105]]
[[39, 188, 280, 84, 108], [7, 149, 297, 88, 86], [30, 252, 379, 110, 106], [27, 582, 390, 92, 85], [9, 147, 161, 106, 107], [38, 566, 166, 107, 81], [20, 353, 398, 76, 102], [7, 189, 339, 80, 97]]
[[39, 252, 119, 78, 60], [43, 359, 138, 80, 59], [36, 279, 329, 83, 72], [41, 116, 60, 80, 57], [12, 330, 345, 73, 101], [29, 130, 290, 68, 84], [23, 441, 133, 64, 87], [23, 224, 176, 103, 88]]
[[6, 368, 83, 98, 71], [17, 570, 329, 82, 70], [25, 296, 269, 76, 72], [38, 145, 337, 119, 116]]
[[25, 54, 114, 90, 81], [19, 532, 242, 112, 93], [15, 343, 113, 71, 94], [45, 256, 194, 113, 88]]
[[23, 158, 272, 77, 69], [48, 569, 54, 94, 83], [19, 528, 357, 77, 85]]
[[20, 277, 167, 78, 86], [35, 395, 125, 65, 82], [1, 94, 566, 77, 89]]
[[5, 175, 317, 109, 107], [33, 344, 201, 86, 92], [50, 309, 122, 72, 91], [15, 190, 322, 104, 91], [36, 412, 300, 123, 113], [36, 268, 230, 95, 77], [36, 360, 93, 91, 107], [50, 101, 148, 112, 108], [35, 137, 264, 109, 83]]
[[24, 153, 250, 88, 81], [41, 376, 104, 98, 85], [24, 280, 171, 94, 97], [25, 214, 114, 86, 70]]
[[39, 190, 363, 98, 69], [30, 467, 360, 60, 79], [40, 459, 192, 97, 109]]
[[11, 285, 112, 89, 63], [15, 533, 190, 100, 101]]
[[10, 442, 155, 82, 66], [16, 63, 279, 63, 76], [39, 221, 68, 98, 109], [11, 64, 275, 92, 71], [29, 255, 309, 85, 93]]
[[11, 446, 151, 93, 100]]
[[20, 518, 305, 88, 108], [35, 468, 209, 59, 80], [16, 299, 105, 86, 95], [17, 174, 75, 80, 66], [0, 48, 135, 79, 62]]
[[34, 390, 557, 81, 76]]
[[38, 364, 202, 100, 77], [13, 241, 129, 99, 87], [8, 304, 224, 98, 79], [42, 110, 137, 117, 108], [45, 369, 92, 77, 61], [8, 396, 204, 95, 75], [25, 75, 214, 113, 95], [25, 272, 255, 110, 104], [46, 163, 124, 86, 98]]
[[7, 201, 102, 118, 117], [9, 574, 351, 64, 89], [46, 520, 131, 105, 126], [4, 538, 310, 111, 107], [20, 112, 165, 66, 88], [27, 571, 306, 65, 87]]
[[38, 338, 261, 105, 109], [51, 75, 475, 80, 73], [9, 328, 303, 74, 89], [34, 189, 65, 70, 100], [22, 265, 269, 80, 70], [1, 303, 229, 106, 80], [45, 65, 490, 88, 71], [32, 187, 81, 84, 92], [47, 143, 237, 62, 77]]
[[32, 266, 276, 96, 84], [32, 274, 411, 93, 76], [38, 367, 165, 83, 57], [34, 290, 122, 74, 52], [18, 406, 406, 81, 94], [19, 480, 71, 83, 92], [6, 453, 221, 100, 116]]
